#
# Readmaxlist ver compat-90-g2e81daf
#
# MAXLIST Created by search ver compat-90-g2e81
# using morhist file 565dcfd1d0d578398bffccfb7c620e50532bc83c containing 730713 radiants created by morhist ver compat-90-g2e81
#
# Start year/sl   End year/sl   Radiants in slon window
    2024/358       2025/358              2574
#
# Shower association ang_thr[deg]  vg_thr[%]
                         3.0         10.0
#
# slon min   slon max   slon step size   ll_0 min   ll_0 max   ll_0 step size   bet min   bet max   bet step size   vg min   vg max   vg step size [%]
     358.5      358.5         1.0             0.0      359.9        0.2           -89.9      89.9        0.2           9.0     72.0         2.0
#
# slon window-half width [deg]  spatial probe size [deg]   velocity probe size [%]
             0.5                        1.0                          5.0
#
# Filters used
# Min # of radiants used to calculate wc   Number of sigma wc must be above median
                  10                                         3.0
#
#  Slon   ll_0   Beta     RA    Dec     Vg       wc    xsig   wc_s  r_cnt   vinf      a      e   incl  omega ascnod  q_per  q_aph     Tj    eta  Shower association
  358.5  186.5    5.5  186.7    3.1   26.7   1705.7    41.6   41.0    248  28.95   2.35   0.81   5.43 282.75 358.50   0.45   4.25    3.0      -  EVI eta Virginids                          
  358.5  262.7    6.9  260.9  -16.3   70.6    115.7    15.0    7.7     20  71.48  12.58   0.92 167.99 204.49 358.50   0.95  24.21   -0.7      -  EOP eta Ophiuchids                          
  358.5  139.5  -54.1  122.6  -36.0   15.1    178.0    14.9   12.0     13  18.80   2.75   0.65  18.95  24.03 178.50   0.96   4.54    2.9      -
  358.5  283.6  -76.5   74.6  -79.4   36.7    132.2    12.8   10.3     24  38.37  24.24   0.96  58.84 353.04 178.50   0.99  47.49    0.8      -  DME delta Mensids                          
  358.5  254.9    4.1  252.5  -18.3   69.2     66.0    12.2    5.5     10  70.10   8.76   0.91 172.27 233.46 358.50   0.80  16.71   -0.5      -
  358.5  252.5   14.7  251.4   -7.5   67.8     99.8    10.7    9.4     17  68.72  18.21   0.96 152.16 236.71 358.50   0.78  35.65   -0.7      -
  358.5  248.0   76.9  261.1   54.2   30.7     75.5    10.2    7.5     10  32.68   2.66   0.63  51.88 188.36 358.50   0.99   4.34    2.6      -
  358.5  275.4   55.5  272.6   32.1   49.4     71.3     9.9    7.3     15  50.65   8.00   0.88  87.11 170.69 358.50   0.99  15.00    0.7      -
  358.5  209.1    3.1  206.8   -7.7   40.5    103.9     9.9   10.7     23  42.02   1.94   0.97  12.24 335.01 358.50   0.06   3.81    3.0      -  AAL April alpha Librids                    
  358.5  283.1   29.1  280.2    6.1   61.4     69.7     9.8    7.1     15  62.41   3.85   0.77 126.76 136.67 358.50   0.88   6.81    0.7      -
  358.5  277.4   66.1  273.3   42.7   42.2     63.0     9.8    6.5     10  43.66   7.40   0.87  71.46 171.82 358.50   0.99  13.82    1.1      -
  358.5  265.7   66.3  266.8   42.9   43.0     63.9     9.5    6.8     10  44.43  12.35   0.92  72.18 182.42 358.50   1.00  23.71    0.8      -
  358.5  197.0   38.5  210.3   29.2   34.6     65.5     9.5    6.9     10  36.37   4.67   0.88  44.45 265.94 358.50   0.56   8.77    1.8      -
  358.5  179.6   25.9  189.3   24.4   28.4     91.9     9.3    9.9     17  30.53   9.33   0.93  22.45 258.38 358.50   0.61  18.04    1.4      -  BCO beta Comae Berenicids                  
  358.5  163.5   13.1  168.6   19.1   16.6     95.9     9.2   10.7     11  20.02   2.53   0.68   6.20 238.97 358.50   0.80   4.25    3.1      -
  358.5  256.2   35.5  257.3   12.7   61.4     59.8     8.8    6.9     11  62.41  25.94   0.96 117.65 212.33 358.50   0.92  50.96   -0.3      -  POS 72 Ophiuchids                          
  358.5  203.0    3.7  201.3   -5.0   36.0    127.2     8.3   15.4     38  37.70   1.91   0.92   8.27 320.60 358.50   0.15   3.67    3.2      -
  358.5  157.6   14.7  163.7   22.9   14.5     91.5     8.1   11.4     11  18.32   2.40   0.64   5.97 230.47 358.50   0.85   3.95    3.2      -
  358.5  293.6   71.9  280.3   49.2   31.3     61.3     8.1    7.6     11  33.24   2.02   0.52  54.81 159.87 358.50   0.97   3.07    3.2      -
  358.5  229.3   87.5  266.1   64.7   24.7     69.7     7.8    9.0     12  27.12   2.72   0.63  40.29 180.88 358.50   1.00   4.45    2.8      -
  358.5  213.0   36.5  222.2   22.3   44.8     48.7     7.7    6.5     11  46.18  11.07   0.96  68.83 274.92 358.50   0.47  21.67    0.8      -
  358.5  214.6   37.1  223.8   22.3   43.9     50.8     7.5    6.9     12  45.31   4.94   0.91  69.33 276.49 358.50   0.47   9.42    1.3      -
  358.5  271.7   70.3  270.1   46.9   33.9     56.7     7.4    7.7     12  35.70   2.11   0.53  59.89 176.37 358.50   0.99   3.23    3.0      -  XHE x Herculids                            
  358.5  161.8    2.9  162.9   10.4   15.1     85.2     7.4   11.7     12  18.80   2.27   0.64   1.26 237.25 358.50   0.82   3.72    3.3      -
  358.5  261.2   71.1  265.0   47.8   33.9     68.8     7.0    9.9     20  35.70   2.27   0.56  59.30 185.25 358.50   0.99   3.55    2.8      -  XHE x Herculids                            
  358.5  143.6   21.1  152.6   33.9   11.9     82.3     7.0   11.8     10  16.34   2.46   0.62   6.69 214.17 358.50   0.93   3.99    3.2      -
  358.5  163.2   -5.1  161.2    2.4   16.3     69.3     6.9   10.3     10  19.78   2.49   0.68   2.42  59.49 178.50   0.80   4.18    3.1      -
  358.5  240.4   67.5  253.5   45.8   40.5     43.6     6.8    6.5     10  42.02  14.36   0.93  66.31 200.72 358.50   0.96  27.76    0.8      -
  358.5  201.5   25.7  208.3   16.0   39.7     43.9     6.8    6.5     10  41.25   6.95   0.95  45.75 291.59 358.50   0.33  13.57    1.2      -
  358.5  201.4   25.9  208.3   16.2   39.7     43.9     6.8    6.5     10  41.25   7.19   0.95  45.82 291.10 358.50   0.33  14.05    1.2      -
  358.5  221.6   59.7  239.0   41.5   40.5     42.7     6.7    6.4     10  42.02  11.94   0.93  64.97 223.70 358.50   0.86  23.02    0.9      -
  358.5  187.0   -7.9  181.9   -9.4   21.5     57.6     6.6    8.8     10  24.24   1.48   0.66   6.15 103.51 178.50   0.51   2.45    4.3      -
  358.5  195.7   -2.9  191.9   -8.3   32.6    159.0     6.5   24.4     25  34.47   2.33   0.89   4.53 124.09 178.50   0.27   4.40    2.9      -
  358.5  179.9   13.7  184.1   13.2   21.1     60.7     6.4    9.7     11  23.89   1.93   0.68   9.49 267.13 358.50   0.61   3.25    3.6      -
  358.5  184.6   -9.3  179.1   -9.8   24.2     86.0     6.4   13.8     20  26.67   2.02   0.75   7.99  97.95 178.50   0.51   3.53    3.4      -
  358.5  191.0   11.1  193.1    6.5   30.1     50.5     6.3    8.3     11  32.12   2.57   0.85  13.48 290.58 358.50   0.38   4.77    2.7      -
  358.5  263.5   28.1  262.9    4.9   65.2     45.3     6.3    7.2     10  66.15  14.91   0.93 131.51 197.40 358.50   0.97  28.84   -0.4      -  TAL 22 Aquilids                            
  358.5  156.0   18.7  163.9   27.1   14.5     67.3     6.3   10.8     10  18.32   2.50   0.65   7.44 227.94 358.50   0.87   4.13    3.1      -
  358.5  192.6    7.9  193.3    2.9   30.1     87.8     6.2   14.4     27  32.12   2.23   0.85  10.04 295.60 358.50   0.34   4.12    3.0      -
  358.5  287.2   72.7  277.1   49.6   33.9     44.9     6.2    7.4     11  35.70   2.83   0.65  57.96 166.94 358.50   0.99   4.68    2.4      -
  358.5  268.2   37.9  267.3   14.5   59.1     36.0     6.0    6.2     11  60.15   4.82   0.79 114.70 183.26 358.50   0.99   8.64    0.6      -  POS 72 Ophiuchids                          
  358.5  276.5   32.1  274.3    8.7   61.4     47.8     5.8    8.3     14  62.41   4.34   0.78 123.76 158.84 358.50   0.97   7.71    0.6      -
  358.5  253.7   65.3  260.0   42.5   39.7     52.4     5.8    9.3     18  41.25   3.32   0.70  68.78 195.00 358.50   0.98   5.66    2.0      -
  358.5  157.2   15.3  163.5   23.6   15.7     61.3     5.7   10.8     11  19.29   2.94   0.71   6.60 230.02 358.50   0.85   5.03    2.8      -
  358.5  175.1   22.1  183.4   22.7   26.2     48.4     5.4    9.0     13  28.49   8.90   0.93  17.11 253.92 358.50   0.65  17.15    1.5      -  BCO beta Comae Berenicids                  
  358.5  269.6   54.7  268.7   31.3   50.4     34.8     5.3    6.7     12  51.63  10.03   0.90  88.88 179.25 358.50   1.00  19.06    0.5      -
  358.5  248.1   70.7  258.6   48.2   37.5     50.4     5.3    9.8     21  39.14   5.14   0.81  62.50 193.36 358.50   0.98   9.29    1.6      -  XHE x Herculids                            
  358.5  170.7   -9.1  166.6   -4.1   18.4     56.0     5.3   11.0     11  21.54   2.27   0.68   5.05  71.33 178.50   0.72   3.81    3.3      -
  358.5  270.7   40.7  269.3   17.3   59.1     38.9     5.2    7.5     12  60.15  12.17   0.92 111.08 177.24 358.50   0.99  23.34   -0.0      -
  358.5  179.4   16.5  184.8   15.9   24.2     50.5     5.2    9.9     14  26.67   2.87   0.79  12.81 264.71 358.50   0.60   5.14    2.7      -
  358.5  279.2   72.1  273.6   48.8   33.9     39.2     5.2    7.7     12  35.70   2.53   0.61  58.66 171.42 358.50   0.99   4.07    2.6      -  XHE x Herculids                            
  358.5  240.5   17.5  240.6   -2.8   61.4     39.3     5.2    7.7     10  62.41   4.56   0.90 138.73 277.52 358.50   0.46   8.66    0.5      -  SSR 16 Scorpiids                            
  358.5  208.2   -2.5  203.8  -12.6   40.5     65.3     5.1   12.9     34  42.02   2.10   0.97   9.26 153.40 178.50   0.07   4.13    2.8      -  SMV Southern March gamma Virginids          
  358.5  205.9    3.9  204.0   -5.8   37.5     71.4     5.0   14.5     36  39.14   1.81   0.94  10.65 326.73 358.50   0.11   3.52    3.3      -
  358.5  294.7  -76.1   62.7  -78.1   35.3     46.5     5.0    9.4     19  37.03   8.93   0.89  57.07 348.08 178.50   0.99  16.88    1.2      -  DME delta Mensids                          
  358.5  172.7    8.9  175.5   11.7   20.3     51.2     4.9   10.8     11  23.18   2.60   0.74   5.55 254.77 358.50   0.68   4.51    3.0      -
  358.5  271.5   66.1  270.0   42.7   42.2     34.9     4.9    7.4     13  43.66   6.98   0.86  71.59 177.20 358.50   0.99  12.96    1.1      -
  358.5  250.0   68.7  258.9   46.1   41.3     49.7     4.9   10.4     26  42.79  30.29   0.97  67.65 193.04 358.50   0.98  59.60    0.6      -
  358.5  179.2    7.1  180.7    7.4   22.8    113.7     4.9   23.5     57  25.40   2.40   0.76   5.30 267.38 358.50   0.59   4.21    3.1      -
  358.5  254.8   70.7  261.9   47.7   35.3     51.4     4.8   10.9     25  37.03   2.78   0.64  60.78 189.89 358.50   0.99   4.57    2.4      -  XHE x Herculids                            
  358.5  201.7   -3.3  197.4  -11.0   34.6     64.4     4.8   13.6     26  36.37   1.83   0.90   6.73 137.46 178.50   0.17   3.48    3.3      -
  358.5  195.3    1.9  193.4   -3.7   32.6    100.6     4.8   20.8     34  34.47   2.41   0.89   2.86 303.34 358.50   0.27   4.56    2.8      -
  358.5  242.7   21.9  243.5    1.1   61.4     33.9     4.8    7.1     10  62.41   5.18   0.89 132.11 265.35 358.50   0.56   9.80    0.4      -
  358.5  282.0   56.9  276.9   33.7   48.4     30.3     4.8    6.5     12  49.68  10.23   0.90  84.29 162.39 358.50   0.97  19.49    0.6      -
  358.5  199.2   -0.5  196.1   -7.4   32.0     67.9     4.6   15.3     30  33.90   1.70   0.87   0.84 131.72 178.49   0.23   3.18    3.6      -
  358.5  176.6    0.1  175.5    2.0   20.3     57.2     4.6   12.8     15  23.18   2.10   0.70   0.03 262.66 358.67   0.64   3.57    3.4      -
  358.5  270.1   32.1  268.8    8.7   62.7     35.9     4.6    7.8     10  63.69   6.71   0.85 124.81 178.28 358.50   1.00  12.42    0.1      -  POS 72 Ophiuchids                          
  358.5  205.2    1.1  202.4   -8.2   39.7     69.6     4.6   15.4     44  41.25   2.48   0.96   3.35 327.48 358.50   0.10   4.86    2.5      -
  358.5  171.7    6.5  173.6    9.9   18.7     48.2     4.6   11.0     12  21.80   2.25   0.69   3.74 253.28 358.50   0.71   3.79    3.3      -
  358.5  179.9   19.9  186.8   18.8   27.8     39.7     4.5    8.8     13  29.97   6.43   0.91  17.54 263.33 358.50   0.58  12.29    1.7      -
  358.5  246.5   18.3  246.3   -3.1   65.2     37.6     4.5    8.4     12  66.15  16.07   0.96 142.68 253.05 358.50   0.65  31.49   -0.5      -
  358.5  277.8   24.7  275.7    1.4   65.2     41.3     4.5    9.2     13  66.15   6.37   0.85 136.55 153.69 358.50   0.95  11.79   -0.0      -
  358.5  208.8   -7.1  202.7  -17.1   40.5     48.7     4.4   11.3     25  42.02   2.02   0.96  25.32 151.79 178.50   0.08   3.96    2.9      -  SMV Southern March gamma Virginids          
  358.5  206.4   -2.5  202.1  -12.0   39.0     62.9     4.4   14.7     41  40.58   2.04   0.95   7.83 149.02 178.50   0.09   3.99    2.9      -  SMV Southern March gamma Virginids          
  358.5  177.7    3.3  177.8    4.5   23.7     63.0     4.3   15.1     29  26.21   3.05   0.81   2.49 264.95 358.50   0.59   5.51    2.6      -
  358.5  198.2    2.7  196.4   -4.1   33.9     83.8     4.3   19.2     34  35.70   2.21   0.90   4.65 309.91 358.50   0.22   4.21    2.9      -
  358.5  207.1    6.5  206.1   -3.8   45.7     34.9     4.3    8.5     18  47.05  12.03   0.99  29.38 331.47 358.50   0.06  24.00    0.7      -
  358.5  172.6   -6.7  169.2   -2.6   21.1     43.6     4.3   10.6     13  23.89   2.96   0.77   4.30  74.97 178.50   0.67   5.24    2.7      -
  358.5  257.2   68.9  262.7   45.8   40.5     43.8     4.3   10.3     25  42.02   8.71   0.89  67.47 188.18 358.50   0.99  16.43    1.1      -
  358.5  273.3   33.7  271.5   10.3   60.2     31.2     4.3    7.5     16  61.23   3.54   0.72 120.99 168.34 358.50   0.99   6.09    0.9      -
  358.5  188.7   -5.5  184.4   -7.9   27.3     91.7     4.2   21.6     20  29.51   2.15   0.81   5.79 107.67 178.50   0.42   3.88    3.2      -
  358.5  204.6   -3.5  200.0  -12.2   33.3     49.8     4.2   12.2     29  35.13   1.40   0.89   7.19 142.42 178.50   0.16   2.65    4.2      -
  358.5  210.7   -4.7  205.4  -15.6   39.7     42.2     4.2   10.3     23  41.25   1.61   0.96  18.62 156.36 178.50   0.06   3.16    3.5      -  SMV Southern March gamma Virginids          
  358.5  178.8   20.9  186.2   20.2   26.2     38.7     4.1    9.4     14  28.49   4.60   0.87  17.09 260.89 358.50   0.61   8.60    2.0      -
  358.5  195.4   -2.5  191.8   -7.8   38.2     40.6     4.1   10.3     23  39.81  12.92   0.98   4.85 124.58 178.50   0.22  25.61    1.0      -
  358.5  253.5   71.7  261.5   48.8   36.7     43.2     4.1   10.8     25  38.37   4.34   0.77  61.56 189.33 358.50   0.99   7.70    1.8      -  XHE x Herculids                            
  358.5  163.3    3.7  164.7   10.5   17.3     40.9     4.1   10.4     11  20.61   2.88   0.73   1.82 239.91 358.50   0.79   4.97    2.8      -
  358.5  157.7   -7.9  155.1    1.9   13.6     43.9     4.0   11.0     10  17.62   2.17   0.61   3.05  51.18 178.50   0.86   3.49    3.4      -
  358.5  186.8    0.7  185.2   -1.5   27.8     83.8     4.0   21.0     46  29.97   2.61   0.84   0.72 284.32 358.51   0.43   4.80    2.8      -  EVI eta Virginids                          
  358.5  185.9    9.1  187.7    6.6   20.7     35.8     4.0    9.0     10  23.54   1.47   0.64   6.72 280.97 358.50   0.54   2.40    4.4      -
  358.5  167.9    6.7  170.2   11.5   20.3     35.3     4.0    9.2     10  23.18   3.66   0.80   3.97 247.09 358.50   0.72   6.59    2.4      -
  358.5  271.5   37.3  270.0   13.9   59.1     25.2     4.0    6.5     12  60.15   4.36   0.77 115.46 174.37 358.50   0.99   7.73    0.7      -
  358.5  180.4   -0.9  178.7   -0.4   21.5     52.1     4.0   13.9     21  24.24   1.95   0.70   0.64  90.63 178.49   0.58   3.31    3.5      -
  358.5  281.7   54.7  276.9   31.5   51.4     23.2     4.0    6.1     11  52.61 -44.27   1.02  88.88 162.58 358.50   0.97 -89.50   -0.1      -
  358.5  269.4  -74.5   94.0  -82.0   33.3     27.7     3.9    7.0     10  35.13   2.86   0.65  56.77 358.56 178.50   1.00   4.73    2.4      -  DME delta Mensids                          
  358.5  204.2   -0.5  200.8   -9.3   37.5     59.8     3.9   15.5     41  39.14   2.05   0.94   1.32 144.17 178.50   0.12   3.98    3.0      -  SMV Southern March gamma Virginids          
  358.5  165.6   11.3  169.9   16.7   17.3     44.2     3.9   11.7     13  20.61   2.52   0.69   5.70 242.49 358.50   0.78   4.27    3.1      -
  358.5  207.9    1.7  205.1   -8.6   45.7     39.2     3.9   10.5     30  47.05   7.71   0.99   9.00 337.08 358.50   0.04  15.37    0.9      -
  358.5  212.6   59.1  233.1   43.0   36.7     26.1     3.9    6.8     10  38.37   5.44   0.85  57.91 229.34 358.50   0.84  10.05    1.5      -
  358.5  204.1   33.3  213.6   22.1   41.3     25.4     3.9    6.7     11  42.79  16.56   0.97  55.08 278.36 358.50   0.43  32.69    0.8      -
  358.5  257.3    5.3  255.2  -17.4   69.2     26.6     3.8    7.0     11  70.10   6.60   0.87 170.26 225.63 358.50   0.86  12.35   -0.3      -
  358.5  174.4   -4.9  171.6   -1.7   19.9     45.0     3.8   12.3     12  22.84   2.24   0.70   3.06  78.53 178.50   0.67   3.82    3.3      -
  358.5  166.2  -18.9  158.5  -11.4   20.7     34.9     3.7    9.4     11  23.54   4.54   0.83  10.98  61.71 178.50   0.76   8.31    2.2      -
  358.5  181.6  -10.1  176.1   -9.3   24.2     48.1     3.7   13.4     19  26.67   2.43   0.77   8.25  91.60 178.50   0.55   4.31    3.0      -
  358.5  166.3   -6.5  163.5   -0.0   17.3     35.6     3.7   10.2     10  20.61   2.46   0.69   3.29  64.16 178.50   0.77   4.16    3.1      -
  358.5  170.5  -11.7  165.3   -6.4   17.3     35.5     3.7   10.1     10  20.61   2.03   0.64   6.12  70.32 178.50   0.74   3.33    3.5      -
  358.5  203.6   33.3  213.2   22.2   42.2     25.2     3.7    6.9     12  43.66 -51.49   1.01  55.72 276.84 358.50   0.44 -103.42    0.4      -
  358.5  203.3   -3.9  198.6  -12.1   35.3     44.4     3.7   12.6     27  37.03   1.76   0.91   8.56 140.60 178.50   0.15   3.37    3.4      -  SMV Southern March gamma Virginids          
  358.5  163.5   23.1  173.2   28.2   18.0     34.3     3.7    9.7     10  21.20   2.98   0.73  11.52 236.81 358.50   0.81   5.16    2.8      -
  358.5  204.1    9.3  204.3   -0.1   43.9     23.6     3.6    6.8     11  45.31  16.73   0.99  30.12 321.23 358.50   0.11  33.34    0.7      -
  358.5  160.2   13.7  165.7   21.0   16.0     38.3     3.6   10.8     11  19.53   2.70   0.69   6.15 234.14 358.50   0.83   4.57    3.0      -
  358.5  258.2   59.3  261.6   36.2   46.6     28.6     3.6    8.1     12  47.93   7.68   0.87  80.66 193.33 358.50   0.98  14.37    0.9      -
  358.5  195.0    6.9  195.1    1.0   31.3     46.6     3.6   13.3     20  33.24   2.12   0.86   9.71 301.36 358.50   0.30   3.95    3.1      -
  358.5  178.2   19.5  185.1   19.1   22.4     31.9     3.6    9.1     11  25.04   2.41   0.74  13.74 261.43 358.50   0.64   4.19    3.1      -
  358.5  282.7   67.5  276.0   44.3   37.5     23.5     3.6    6.8     10  39.14   2.81   0.65  65.33 166.13 358.50   0.98   4.64    2.3      -
  358.5  193.4   10.1  194.9    4.6   36.7     25.9     3.6    7.4     12  38.37  11.83   0.98  16.65 296.37 358.50   0.29  23.37    1.1      -
  358.5  261.2  -32.7  254.6  -55.6   56.8     19.4     3.6    5.9     10  57.89   1.80   0.48 119.44  34.38 178.50   0.94   2.66    2.4      -
  358.5  196.2    6.3  196.0    0.0   36.7     34.8     3.5   10.4     22  38.37   4.83   0.95  11.53 304.99 358.50   0.23   9.43    1.7      -
  358.5  257.6    3.9  255.3  -18.8   62.7     17.7     3.5    5.3     10  63.69   1.42   0.47 172.16 256.36 358.50   0.75   2.10    2.7      -
  358.5   72.9   88.9  270.9   67.6   25.2     28.2     3.5    8.1     10  27.58   3.95   0.75  39.68 177.93 358.50   1.00   6.90    2.2      -
  358.5  281.0   55.1  276.4   31.9   50.4     22.8     3.5    6.7     13  51.63  25.95   0.96  87.75 163.22 358.50   0.97  50.92    0.2      -
  358.5  282.6   69.1  275.6   45.9   33.9     25.6     3.5    7.4     11  35.70   2.01   0.51  60.23 165.67 358.50   0.99   3.03    3.1      -  XHE x Herculids                            
  358.5  175.0   10.9  178.4   12.6   19.5     32.6     3.5    9.8     10  22.49   2.09   0.68   6.66 258.49 358.50   0.67   3.51    3.4      -
  358.5  175.5   27.1  186.1   27.1   23.3     29.5     3.5    8.4     10  25.85   3.35   0.79  18.58 252.04 358.50   0.69   6.01    2.5      -
  358.5  296.2   62.1  284.8   39.9   42.2     21.7     3.5    6.3     10  43.66   5.58   0.83  71.91 150.84 358.50   0.94  10.22    1.3      -
  358.5  174.7   26.9  185.4   27.2   27.8     28.0     3.5    8.0     11  29.97 503.27   1.00  21.35 250.09 358.50   0.67 1005.86    1.0      -  BCO beta Comae Berenicids                  
  358.5  143.0  -55.3  124.3  -37.8   13.4     40.4     3.5   11.6     11  17.46   2.02   0.52  17.70  25.79 178.50   0.96   3.09    3.6      -
  358.5  173.4   26.9  184.2   27.7   26.2     27.5     3.5    7.9     10  28.49  14.18   0.95  19.98 248.46 358.50   0.69  27.67    1.3      -
  358.5  166.1    3.3  167.1    9.1   18.4     35.7     3.5   10.8     12  21.54   2.94   0.74   1.76 244.20 358.50   0.76   5.13    2.8      -
  358.5  212.5   -6.9  206.4  -18.3   42.2     22.0     3.5    6.6     10  43.66   1.82   0.98  34.57 158.99 178.50   0.05   3.59    3.1      -
  358.5  183.1   15.1  187.6   13.2   24.2     30.4     3.5    9.1     11  26.67   2.22   0.75  12.42 272.66 358.50   0.55   3.89    3.2      -
  358.5  202.1   29.9  210.5   19.6   40.5     23.1     3.4    6.8     11  42.02  12.94   0.97  50.39 283.78 358.50   0.39  25.49    0.9      -
  358.5  217.4   61.9  237.7   44.4   38.2     26.5     3.4    7.8     14  39.81   9.38   0.91  60.59 221.48 358.50   0.88  17.89    1.1      -
  358.5  186.0   -5.3  182.0   -6.6   27.8     59.2     3.4   17.9     22  29.97   2.84   0.84   5.39 101.82 178.50   0.45   5.23    2.6      -
  358.5  183.9   -5.7  179.9   -6.2   25.7     72.1     3.4   21.0     26  28.03   2.50   0.80   5.20  97.28 178.50   0.50   4.51    2.9      -
  358.5  205.7   -5.9  200.2  -14.9   37.5     42.2     3.4   12.9     34  39.14   1.84   0.94  15.77 145.56 178.50   0.12   3.56    3.2      -  SMV Southern March gamma Virginids          
  358.5  159.0   -6.3  156.8    2.9   16.6     36.5     3.4   11.0     12  20.02   3.26   0.75   2.92  53.50 178.50   0.82   5.70    2.6      -
  358.5  298.7   61.7  286.4   39.8   42.2     21.5     3.4    6.4     10  43.66   6.03   0.85  71.59 148.40 358.50   0.93  11.12    1.2      -
  358.5  173.1   15.5  178.6   17.5   21.9     29.3     3.4    9.1     10  24.60   3.22   0.79  10.20 253.82 358.50   0.68   5.76    2.6      -
  358.5  209.5   -1.5  205.4  -12.2   33.3     27.8     3.4    8.3     14  35.13   1.13   0.90   3.83 151.31 178.50   0.11   2.15    5.0      -
  358.5  190.7   -1.5  187.8   -5.0   29.5     67.6     3.4   20.2     24  31.55   2.40   0.85   1.81 112.69 178.50   0.36   4.43    2.9      -
  358.5  164.3  -15.9  158.1   -7.9   18.0     31.5     3.3    9.7     10  21.20   2.97   0.74   8.09  59.78 178.50   0.79   5.15    2.8      -
  358.5  217.5   61.5  237.6   44.0   37.5     27.2     3.3    8.2     15  39.14   6.03   0.86  60.04 223.15 358.50   0.87  11.18    1.4      -
  358.5  164.0  -17.3  157.3   -9.1   16.6     32.9     3.3   10.1     10  20.02   2.43   0.67   8.18  58.96 178.50   0.80   4.06    3.1      -
  358.5  289.9   68.3  279.6   45.5   35.3     23.5     3.3    7.2     11  37.03   2.40   0.59  61.71 159.74 358.50   0.97   3.82    2.7      -
  358.5  177.7  -11.1  172.1   -8.7   21.9     32.5     3.3   10.2     11  24.60   2.35   0.74   7.82  83.62 178.50   0.62   4.09    3.1      -
  358.5  158.0    2.5  159.1   11.5   14.5     35.2     3.3   10.9     10  18.32   2.44   0.65   1.03 231.85 358.51   0.85   4.03    3.2      -
  358.5  172.4   13.9  177.3   16.3   19.1     34.6     3.3   10.9     10  22.14   2.25   0.69   8.05 253.21 358.50   0.71   3.80    3.3      -
  358.5  275.1   73.7  271.6   50.3   32.0     25.9     3.3    8.0     12  33.90   2.23   0.55  55.67 174.50 358.50   0.99   3.47    2.9      -  XHE x Herculids                            
  358.5  173.8    0.3  173.0    3.3   19.5     33.3     3.3   10.9     11  22.49   2.22   0.70   0.15 257.44 358.53   0.68   3.77    3.3      -
  358.5  180.2   -5.3  176.7   -4.3   22.4     53.1     3.3   16.6     20  25.04   2.16   0.73   3.94  89.70 178.50   0.58   3.74    3.3      -
  358.5  207.6   -5.5  202.1  -15.2   39.0     43.0     3.3   13.6     35  40.58   1.87   0.95  17.44 149.94 178.50   0.09   3.66    3.1      -  SMV Southern March gamma Virginids          
  358.5  158.2    4.3  160.1   13.0   13.6     37.3     3.3   11.7     11  17.62   2.15   0.60   1.66 232.05 358.50   0.85   3.44    3.4      -
  358.5  179.8    8.5  181.8    8.5   19.1     35.2     3.3   11.1     14  22.14   1.66   0.62   5.38 268.29 358.50   0.62   2.69    4.0      -
  358.5  268.0  -75.7   95.4  -80.8   40.5     22.6     3.3    7.0     12  42.02  -5.74   1.17  63.10 359.70 178.50   1.00 -12.48   -0.3      -
  358.5  251.7    5.3  249.4  -16.7   69.2     17.5     3.2    5.7     11  70.10  27.21   0.97 169.73 241.67 358.50   0.74  53.68   -0.8      -
  358.5  145.1   74.9  229.1   71.3   18.7     31.6     3.2    9.9     11  21.80   2.37   0.58  28.91 194.66 358.50   0.98   3.75    3.2      -
  358.5  253.7   73.7  262.2   50.7   34.6     32.8     3.2   10.5     22  36.37   3.52   0.72  58.23 187.93 358.50   0.99   6.05    2.1      -  XHE x Herculids                            
  358.5  175.8    9.1  178.4   10.6   25.7     28.8     3.2    9.2     13  28.03   6.38   0.91   7.27 260.37 358.50   0.60  12.15    1.7      -
  358.5  201.5    5.5  200.6   -2.7   30.7     28.7     3.2    9.5     16  32.68   1.38   0.84   9.01 315.23 358.50   0.22   2.54    4.3      -
  358.5  159.6   -7.1  157.1    1.9   15.4     36.7     3.2   11.9     13  19.04   2.57   0.68   3.11  54.08 178.50   0.83   4.31    3.1      -
  358.5  251.2   18.5  250.7   -3.6   66.5     24.3     3.2    7.8     12  67.44  16.21   0.95 144.70 238.80 358.50   0.76  31.65   -0.6      -
  358.5  179.9  -12.5  173.5  -10.8   24.7     26.5     3.2    8.9     11  27.12   2.99   0.81  10.11  87.22 178.50   0.57   5.40    2.6      -
  358.5  247.1   16.9  246.6   -4.6   65.2     29.8     3.2    9.4     11  66.15   9.19   0.93 145.51 254.17 358.50   0.65  17.74   -0.2      -
  358.5  217.8   61.3  237.6   43.8   37.5     27.3     3.2    8.7     17  39.14   5.77   0.85  60.14 223.57 358.50   0.87  10.67    1.5      -
  358.5  253.5   36.1  255.1   13.6   55.6     18.8     3.2    6.3     11  56.72   2.31   0.63 111.87 230.70 358.50   0.85   3.76    1.9      -
  358.5  192.7    4.1  191.9   -0.7   28.4     62.2     3.1   20.4     53  30.53   1.85   0.81   4.85 296.84 358.50   0.35   3.35    3.5      -
  358.5  182.6   -7.7  178.0   -7.5   20.7     33.6     3.1   11.2     15  23.54   1.66   0.66   5.46  94.42 178.50   0.57   2.74    4.0      -
  358.5  200.2    0.1  197.3   -7.2   36.0     48.7     3.1   15.7     36  37.70   2.42   0.93   0.27 315.13 358.52   0.18   4.66    2.7      -
  358.5  178.9   -3.3  176.3   -2.0   24.2     38.4     3.1   12.8     15  26.67   2.99   0.81   2.63  87.34 178.50   0.57   5.41    2.6      -
  358.5  173.1   -9.3  168.6   -5.2   20.3     38.3     3.1   12.8     14  23.18   2.54   0.73   5.79  75.38 178.50   0.68   4.39    3.0      -
  358.5  214.5   62.7  236.6   45.7   38.2     23.1     3.1    7.5     13  39.81  24.25   0.96  59.53 219.81 358.50   0.88  47.62    0.8      -
  358.5  164.7   14.9  170.6   20.3   17.3     29.6     3.1   10.0     10  20.61   2.61   0.70   7.39 240.56 358.50   0.79   4.43    3.0      -
  358.5  176.6   13.9  181.1   14.7   20.7     34.0     3.1   11.6     16  23.54   2.19   0.70   9.07 260.60 358.50   0.65   3.73    3.3      -
  358.5  166.6  -16.9  159.7   -9.7   18.0     30.7     3.1   10.3     11  21.20   2.61   0.70   8.77  62.85 178.50   0.77   4.45    3.0      -
  358.5  182.0    9.7  184.3    8.7   19.9     34.9     3.1   11.6     16  22.84   1.61   0.63   6.53 272.53 358.50   0.59   2.63    4.1      -
  358.5  208.4   -1.1  204.6  -11.4   33.3     26.6     3.0    8.9     16  35.13   1.18   0.90   2.59 149.69 178.50   0.12   2.23    4.8      -
  358.5  182.5   -3.1  179.7   -3.2   22.8     43.6     3.0   15.3     23  25.40   1.98   0.73   2.41  94.74 178.50   0.54   3.42    3.5      -
  358.5  264.9   43.3  264.9   20.0   57.9     18.8     3.0    6.4     10  58.97  18.30   0.95 106.87 189.27 358.50   0.99  35.61   -0.1      -
  358.5  201.3    6.9  200.8   -1.3   43.0     24.1     3.0    8.4     18  44.43 -1817.05   1.00  19.68 317.30 358.50   0.13 -3634.23    0.4      -
  358.5  204.1   -4.1  199.4  -12.6   48.4     21.4     3.0    7.2     15  49.68  -3.82   1.02  18.75 148.94 178.50   0.06  -7.71   -1.1      -
  358.5  173.6    0.9  173.1    4.0   20.7     34.1     3.0   11.8     11  23.54   2.61   0.75   0.60 257.18 358.51   0.66   4.56    2.9      -
  358.5  268.8   15.5  267.3   -7.9   66.5     17.5     3.0    6.1     10  67.44   2.97   0.67 152.49 183.56 358.50   0.99   4.95    0.8      -
  358.5  274.3   52.5  272.0   29.1   48.4     19.0     3.0    6.6     12  49.68   2.96   0.67  89.19 169.88 358.50   0.99   4.93    1.8      -
#
# Start time  : Thu Mar 20 01:10:27 2025
# End time    : Thu Mar 20 01:30:38 2025
# Elapsed time: 1211 seconds
#
# Slon : Solar longitude [deg]
# ll_0 : Sun centred ecliptic longitude [deg]
# Beta : Ecliptic latitude [deg]
# RA : Right ascension [deg]
# Dec : Declination [deg]
# vg : Geocentric velocity [km/s]
# wc : Wavelet coefficient
# xsig : Number of std devs wc is above the median at ll_0, beta, and vg through the year
# wc_s : Total standard deviation of the wavelet coefficient minus the median at ll_0, beta and vg through the year
# r_cnt : Number of radiants used to calculate the wavelet coefficient
#
# Standard deviation of single wc is given by:
# 0.04987 * sqrt(r_cnt) / angular probe size[radians] / sqrt(velocity probe size[km/s])