#
# Wavelet maxlist generated by gmn_wavelet.py (Brown et al. 2010 3D wavelet)
# using annual background of 843904 radiants
#
# Start year/sl   End year/sl   Radiants in slon window
             -             -                   2585
#
# Shower association ang_thr[deg]  vg_thr[%]
                       3.0       10.0
#
# slon min   slon max   slon step   ll_0 min   ll_0 max   ll_0 step   bet min   bet max   bet step   vg min   vg max   vg step [%]
     358.5      358.5        1.0        0.0      359.9        0.5     -89.9      89.9       0.5      9.0     72.0         5.0
#
# slon window-half width [deg]   spatial probe size [deg]   velocity probe size [%]
           0.5                         1.0                        5.0
#
# Filters used
# Min # of radiants used to calculate wc   Number of sigma wc must be above median
                10                                         3.0
#
#  Slon   ll_0   Beta     RA    Dec     Vg       wc    xsig   wc_s  r_cnt   vinf      a      e   incl  omega ascnod  q_per  q_aph     Tj    eta  Shower association
  358.5  186.8    5.2  186.9    2.7   27.6    155.1    44.7    3.5    269  29.08   2.46   0.81   5.27 282.85 358.53   0.45   4.47    3.0      -  EVI eta Virginids
  358.5  139.8  -54.2  122.7  -36.1   15.4     17.3    16.0    1.1     17  18.41   2.67   0.64  18.59  24.15 178.60   0.96   4.37    3.0      -  ECO epsilon Columbids
  358.5  263.2    6.8  261.5  -16.4   69.9     12.6    15.5    0.8     19  71.95  23.07   0.95 168.30 203.60 358.68   0.95  45.19   -0.9      -  EOP eta Ophiuchids
  358.5  288.8  -76.8   70.0  -78.6   37.0      6.6    14.3    0.5     26  37.57  37.96   0.92  57.89 351.83 178.77   0.99  74.93    1.1      -  
  358.5  203.2    3.8  201.5   -5.0   37.0     14.1    12.1    1.2     37  39.17   9.27   0.94   8.91 316.32 353.65   0.14  18.40    2.7      -  KVI kappa Virginids
  358.5  209.2    3.2  206.9   -7.6   40.8     10.7    11.7    0.9     23  41.93   2.89   0.96  10.38 325.10 350.66   0.07   5.71    2.8      -  
  358.5  282.2   28.8  279.5    5.7   63.4      8.7    11.4    0.8     15  62.93   7.06   0.78 127.37 139.03 358.43   0.89  13.22    0.6      -  
  358.5  179.2   26.2  189.1   24.8   27.6      6.1    11.0    0.6     20  30.04   9.88   0.92  21.59 257.77 358.45   0.62  19.14    1.5      -  MTA m Taurids
  358.5  274.8   55.2  272.2   31.8   49.6      7.9    10.9    0.7     12  51.53  15.12   0.91  88.18 171.76 358.46   0.99  29.26    0.5      -  
  358.5  251.8   14.2  250.7   -7.9   69.9      7.0    10.8    0.7     17  68.33   9.50   0.94 152.28 240.14 358.57   0.75  18.24   -0.5      -  BCT 13 Comae Berenicids
  358.5  196.8   38.2  209.9   29.1   37.0      2.8    10.6    0.3     10  38.32   9.79   0.93  47.19 266.00 358.44   0.55  19.04    1.2      -  
  358.5  256.8   36.2  257.8   13.4   63.4      4.6    10.4    0.5     10  62.07 -124.12   0.96 116.06 211.28 358.47   0.92 -249.36   -0.3      -  
  358.5  250.2   71.2  259.9   48.6   37.0      4.9    10.2    0.5     25  38.85   4.64   0.77  62.35 190.14 358.38   0.99   8.29    1.8      -  XHE x Herculids
  358.5  252.8   64.8  259.4   42.0   40.8      5.5    10.2    0.5     13  43.50  -1.36   0.84  71.04 195.00 358.35   0.98  -3.70    1.2      -  
  358.5  196.2    5.8  195.8   -0.5   37.0      6.8    10.1    0.7     31  36.18   5.09   0.91   7.97 305.38 358.64   0.25   9.93    2.4      -  
  358.5  162.2   10.2  166.3   17.0   17.0      2.0    10.0    0.2     12  20.14   2.59   0.69   5.47 239.64 358.47   0.79   4.39    3.0      -  LAL lambda Leonids
  358.5  156.2   19.2  164.4   27.6   14.0      2.1     9.2    0.2     10  18.32   2.58   0.65   7.31 228.19 358.46   0.86   4.29    3.1      -  
  358.5  208.2   -2.2  204.0  -12.4   40.8      8.2     9.2    0.9     33  40.52   2.37   0.95   9.64 173.42 200.40   0.08   4.66    3.2      -  OLS omega Leonids
  358.5  271.8   69.2  270.1   45.8   35.3      2.5     9.2    0.3     12  37.40   3.74   0.62  61.84 176.09 358.38   0.99   6.49    2.5      -  
  358.5  157.8   14.8  163.9   22.9   15.4      3.2     9.2    0.4     10  18.81   2.83   0.68   6.03 230.40 358.50   0.85   4.81    3.0      -  
  358.5  284.2   85.2  272.2   61.9   27.6      1.6     9.0    0.2     10  27.95   3.18   0.63  41.94 175.75 358.37   0.99   5.37    2.8      -  
  358.5  184.8  -10.2  178.9  -10.7   23.9      4.2     9.0    0.5     18  26.83   2.15   0.75   8.14  97.49 178.39   0.51   3.79    3.3      -  SVI Southern March Virginids
  358.5  214.2   37.2  223.5   22.6   45.0      3.1     9.0    0.4     10  46.13   8.59   0.94  69.42 274.16 358.39   0.48  16.70    0.9      -  KSE kappa Serpentids
  358.5  179.8   14.8  184.4   14.2   20.6      1.9     8.7    0.2     11  24.42   2.15   0.70  10.81 266.31 358.35   0.61   3.69    3.4      -  
  358.5  192.2    7.8  192.9    2.9   30.5      7.2     8.7    0.9     36  31.55   2.56   0.84   7.31 293.09 358.55   0.36   4.76    3.0      -  ACZ zeta1 Cancrids
  358.5  173.8   16.2  179.6   18.0   19.6      2.7     8.6    0.3     11  23.00   2.41   0.70   9.87 255.25 358.44   0.69   4.14    3.2      -  
  358.5  161.8   -4.8  160.0    3.3   14.0      2.9     8.6    0.3     10  18.98   2.36   0.65   2.38  58.01 178.33   0.81   3.91    3.3      -  
  358.5  200.2   34.2  210.9   24.2   38.9      3.3     8.5    0.4     10  40.10  15.92   0.94  49.33 274.52 358.46   0.48  31.37    1.2      -  
  358.5  262.2   71.8  265.6   48.5   33.6      5.0     8.5    0.6     18  36.96   4.26   0.65  60.27 185.81 358.40   0.99   7.52    2.4      -  SSH 77 Herculids
  358.5  176.8    2.8  176.7    4.4   25.1      3.1     8.2    0.4     24  24.97   2.67   0.76   2.36 256.42 350.99   0.61   4.73    2.9      -  
  358.5  161.8    2.8  162.8   10.3   15.4      3.8     8.2    0.5     10  19.26   2.45   0.66   1.33 237.46 358.43   0.81   4.08    3.2      -  
  358.5  263.2   28.2  262.7    5.0   66.5      6.5     8.0    0.8     11  65.70   9.34   0.88 130.95 198.40 358.51   0.97  17.71   -0.2      -  
  358.5  252.8  -21.2  245.8  -43.1   63.4      4.9     7.9    0.6     10  65.50   1.65   0.83 139.58  55.14 178.74   0.80   2.50    0.3      -  XHY xi Hydrids
  358.5  276.8   32.2  274.5    8.9   60.3      5.8     7.7    0.8     14  62.79  35.46   0.82 123.02 160.57 358.45   0.97  69.95    0.3      -  FAN 49 Andromedids
  358.5  269.2   54.8  268.5   31.3   49.6      4.1     7.7    0.5     10  51.01   9.35   0.87  87.60 175.67 358.40   0.99  17.70    0.7      -  
  358.5  174.8   21.2  182.7   22.1   26.3      2.5     7.6    0.3     10  28.53   8.06   0.90  17.56 256.56 358.44   0.63  15.48    1.7      -  
  358.5  215.8   61.8  236.7   44.6   37.0      1.5     7.5    0.2     13  39.02  18.22   0.86  59.56 224.49 358.42   0.87  35.58    1.4      -  LYR April Lyrids
  358.5  172.8   -6.8  169.3   -2.7   20.6      4.5     7.4    0.6     15  22.93   2.50   0.72   4.33  75.72 178.42   0.68   4.33    3.1      -  
  358.5  166.2   10.8  170.2   15.9   17.0      2.9     7.4    0.4     14  20.17   2.40   0.67   5.31 242.85 358.45   0.78   4.02    3.2      -  AVB alpha Virginids
  358.5  157.8    3.8  159.4   12.7   14.7      2.0     7.4    0.3     10  18.02   2.32   0.63   1.28 231.81 358.36   0.85   3.79    3.3      -  
  358.5  203.8    9.2  204.0   -0.1   45.0      2.1     7.3    0.3     11  41.90  25.51   0.96  24.98 321.15 358.59   0.13  50.90    2.0      -  
  358.5  274.2  -74.2   84.5  -82.3   38.9      3.1     7.3    0.4     18  38.98   1.53   0.96  60.29 354.26 178.75   0.99   2.06    0.8      -  ZPH zeta Phoenicids
  358.5  179.2   21.2  186.8   20.3   26.3      2.2     7.3    0.3     15  29.37   8.46   0.90  18.43 259.88 358.44   0.61  16.32    1.7      -  DZT December zeta Taurids
  358.5  166.8   -3.2  165.2    2.8   16.2      1.9     6.9    0.3     11  19.89   2.28   0.66   1.90  79.74 195.01   0.78   3.79    3.3      -  HVI h Virginids
  358.5  207.2    6.8  206.3   -3.7   47.3      2.5     6.9    0.4     14  43.12   4.72   0.97  21.16 328.18 358.58   0.09   9.35    2.0      -  
  358.5  270.8   40.2  269.4   16.8   60.3      3.2     6.9    0.5     10  59.99   2.02   0.85 112.02 179.71 358.64   0.99   3.04    0.3      -  DPE delta Perseids
  358.5  194.8   -2.8  191.1   -7.8   38.9      3.5     6.8    0.5     17  35.27   3.56   0.90   4.02 135.15 189.07   0.26   6.86    2.6      -  
  358.5  212.8   -1.8  208.5  -13.5   35.3      3.1     6.8    0.5     12  39.84   1.41   0.95  12.58 172.82 193.63   0.06   2.77    4.1      -  
  358.5  175.2    8.2  177.6   10.0   26.3      1.7     6.8    0.3     17  25.37   3.26   0.78   5.19 263.06 358.46   0.61   5.90    2.8      -  
  358.5  257.8    1.8  255.3  -21.0   69.9      3.2     6.8    0.5     10  69.47  12.07   0.83 173.92 212.79 340.53   0.83  23.31    0.0      -  
  358.5  278.2   25.2  276.1    2.0   63.4      5.4     6.7    0.8     12  65.58   8.70   0.82 135.41 150.06 358.46   0.93  16.46    0.2      -  PSU psi Ursae Majorids
  358.5  178.8   -4.2  175.8   -2.8   25.1      3.7     6.7    0.6     23  25.62   2.47   0.76   3.20  88.59 178.47   0.58   4.37    3.1      -  
  358.5  204.2   -1.8  200.4  -10.5   32.0      2.9     6.7    0.5     20  36.89   1.71   0.91   4.45 160.71 196.55   0.14   3.28    3.6      -  
  358.5  166.8   -6.8  163.8   -0.4   17.0      3.9     6.6    0.6     10  20.32   2.35   0.67   3.09  64.30 178.60   0.77   3.93    3.2      -  
  358.5  200.2    0.2  197.4   -7.1   42.9      1.3     6.6    0.2     27  38.62   3.79   0.94   3.87 236.79 278.37   0.17   7.41    2.5      -  
  358.5  271.8   37.2  270.2   13.8   57.5      2.8     6.6    0.4     13  59.93   7.58   0.77 114.72 168.61 358.57   0.98  14.19    0.8      -  
  358.5  170.2   -8.8  166.2   -3.6   18.7      3.3     6.5    0.5     10  22.46   2.52   0.72   4.84  72.87 178.57   0.70   4.34    3.0      -  
  358.5  270.2   32.2  268.9    8.8   60.3      3.9     6.3    0.6     11  63.40   4.30   0.80 124.84 175.70 358.48   0.99   7.60    0.4      -  MCY mu Cygnids
  358.5  181.2  -10.8  175.5   -9.8   23.9      3.1     6.3    0.5     16  26.31   2.28   0.75   8.43  92.74 178.37   0.55   4.01    3.2      -  
  358.5  247.2   24.8  248.1    3.1   66.5      2.6     6.2    0.4     10  63.47 -94.32   0.93 129.38 249.42 358.42   0.69 -189.34    0.0      -  KAU kappa Aurigids
  358.5  185.8   -0.2  183.8   -1.9   27.6      6.4     6.2    1.1     30  29.03   2.50   0.81   1.79 222.85 298.31   0.45   4.54    2.9      -  
  358.5  282.8   69.2  275.7   46.0   35.3      2.0     6.1    0.3     13  36.37   2.48   0.59  60.09 166.85 358.46   0.98   3.97    2.7      -  
  358.5  193.2    3.8  192.3   -1.2   37.0      2.7     6.0    0.5     31  34.81   4.28   0.90   6.03 300.31 358.66   0.29   8.27    2.4      -  
  358.5  242.8   25.2  244.1    4.4   57.5      2.1     5.9    0.4     10  61.68  11.90   0.89 126.41 261.06 358.49   0.60  23.19    0.4      -  
  358.5  180.8   -0.8  179.0   -0.4   21.7      3.4     5.7    0.7     22  25.36   2.23   0.74   1.54 164.80 235.55   0.57   3.89    3.3      -  
  358.5  191.8   -1.2  188.9   -5.2   37.0      1.1     5.4    0.2     11  35.35   3.70   0.92   2.75 168.13 227.59   0.29   7.10    2.1      -  
  358.5  183.2   22.8  191.0   20.1   25.1      2.0     5.0    0.4     11  29.31   7.10   0.85  20.99 265.02 358.45   0.58  13.61    2.2      -  DZT December zeta Taurids
  358.5  208.8   -7.2  202.6  -17.2   40.8      5.0     5.0    1.0     26  42.30   2.20   0.96  24.33 150.15 178.68   0.08   4.32    2.6      -  SMV Southern March gamma Virginids
  358.5  275.8  -79.8   86.7  -76.8   32.0      0.9     4.9    0.2     12  37.50  79.34   0.94  57.46 352.91 178.78   0.99 157.69    1.0      -  
  358.5  251.2    5.2  248.9  -16.7   69.9      2.7     4.9    0.6     11  69.35  22.92   0.90 170.98 242.38 358.45   0.74  45.10   -0.3      -  
  358.5  256.2   44.8  258.4   21.9   57.5      2.0     4.9    0.4     11  55.14  19.12   0.81  99.68 206.79 358.47   0.95  37.29    0.8      -  
  358.5  197.8    2.8  196.0   -3.9   33.6      7.3     4.7    1.6     41  35.61   2.92   0.90   4.96 277.61 327.79   0.23   5.61    2.8      -  
  358.5  259.2    8.2  257.5  -14.7   66.5      1.9     4.7    0.4     11  71.43  15.43   0.93 168.20 210.87 358.56   0.92  29.93   -0.7      -  TLY 31 Lyncids
  358.5  188.2   -5.8  183.9   -8.0   26.3      5.1     4.6    1.1     21  29.28   2.22   0.80   5.78 106.55 178.43   0.43   4.02    3.2      -  OAV 68 Virginids
  358.5  269.8   29.2  268.5    5.8   63.4      5.1     4.5    1.1     10  63.98   4.40   0.81 126.97 177.99 358.53   0.99   7.82    0.3      -  XIP xi Perseids
  358.5  242.8   21.8  243.5    0.9   63.4      3.9     4.5    0.9     11  62.27  -2.39   0.88 132.43 266.07 358.49   0.56  -5.34    0.5      -  FCR 15 Cancrids
  358.5  197.2   -7.2  191.7  -12.9   35.3      1.8     4.0    0.5     11  34.25   2.33   0.87   9.62 124.93 178.60   0.27   4.39    3.0      -  
  358.5  260.8   25.8  260.3    2.7   69.9      1.2     4.0    0.4     10  65.72   6.78   0.83 134.52 206.58 358.56   0.94  12.62    0.1      -  
  358.5  256.2  -21.8  250.1  -44.1   63.4      2.9     4.0    0.8     11  65.32   5.36   0.82 138.08  50.20 178.75   0.83   9.89    0.4      -  XHY xi Hydrids
  358.5  183.8   -5.8  179.8   -6.2   25.1      6.1     3.8    1.6     27  26.75   2.22   0.76   4.93  97.23 178.39   0.51   3.93    3.3      -  SVI Southern March Virginids
  358.5  246.2   18.2  246.1   -3.1   66.5      2.4     3.7    0.7     10  65.25   6.74   0.91 142.09 256.33 358.36   0.63  12.84    0.0      -  BOT 37 Comae Berenicids
  358.5  258.8   63.2  262.5   40.1   42.9      2.2     3.3    0.7     15  43.85   7.93   0.79  72.81 192.44 358.41   0.98  14.88    1.5      -  
#
# Slon : Solar longitude [deg]
# ll_0 : Sun centred ecliptic longitude [deg]
# Beta : Ecliptic latitude [deg]
# RA : Right ascension [deg]
# Dec : Declination [deg]
# vg : Geocentric velocity [km/s]
# wc : Wavelet coefficient
# xsig : Number of std devs wc is above the median at ll_0, beta, and vg through the year
# wc_s : Standard deviation of the wavelet coefficient at ll_0, beta and vg through the year
# r_cnt : Number of radiants used to calculate the wavelet coefficient
#
# Standard deviation of single wc is given by:
# 0.04987 * sqrt(r_cnt) / angular probe size[radians] / sqrt(velocity probe size[km/s])
# (spatial probe = 1.0 deg, velocity probe = 5.0 %)
